Epsilon: -1.000000
Temperature: 1.000000
Magnetic Field: 0.000000
1,1,1,1,1,1,1,1,1,1,1,1,1,1,1,1,1,1,1,1,
1,1,1,1,1,1,1,1,1,1,1,1,1,1,1,1,1,1,1,1,
1,1,1,1,1,1,1,1,1,1,1,1,1,1,1,1,1,1,1,1,
1,1,1,1,1,1,1,1,1,1,1,1,1,1,1,1,1,1,1,1,
1,1,1,1,1,1,1,1,1,1,1,1,1,1,1,1,1,1,1,1,
1,1,1,1,1,1,1,1,1,1,1,1,1,1,1,1,1,1,1,1,
1,1,1,1,1,1,1,1,1,1,1,1,1,1,1,1,1,1,1,1,
1,1,1,1,1,1,1,1,1,1,1,1,1,1,1,1,1,1,1,1,
1,1,1,1,1,1,1,1,1,1,1,1,1,1,1,1,1,1,1,1,
1,1,1,1,1,1,1,1,1,1,1,1,1,1,1,1,1,1,1,1,
1,1,1,1,1,1,1,1,1,1,1,1,1,1,1,1,1,1,1,1,
1,1,1,1,1,1,1,1,1,1,1,1,1,1,1,1,1,1,1,1,
1,1,1,1,1,1,1,1,1,1,1,1,1,1,1,1,1,1,1,1,
1,1,1,1,1,1,1,1,1,1,1,1,1,1,1,1,1,1,1,1,
1,1,1,1,1,1,1,1,1,1,1,1,1,1,1,1,1,1,1,1,
1,1,1,1,1,1,1,1,1,1,1,1,1,1,1,1,1,1,1,1,
1,1,1,1,1,1,1,1,1,1,1,1,1,1,1,1,1,1,1,1,
1,1,1,1,1,1,1,1,1,1,1,1,1,1,1,1,1,1,1,1,
1,1,1,1,1,1,1,1,1,1,1,1,1,1,1,1,1,1,1,1,
1,1,1,1,1,1,1,1,1,1,1,1,1,1,1,1,1,1,1,1,
Epsilon: -1.000000
Temperature: 2.000000
Magnetic Field: 0.000000
-1,-1,-1,-1,-1,-1,-1,-1,-1,-1,-1,-1,-1,-1,-1,-1,-1,-1,-1,-1,
-1,-1,-1,-1,-1,-1,-1,-1,-1,-1,-1,-1,-1,-1,-1,-1,-1,-1,-1,-1,
-1,-1,-1,-1,-1,-1,-1,1,-1,-1,-1,-1,-1,-1,-1,1,1,1,-1,-1,
-1,-1,-1,-1,-1,-1,-1,1,-1,-1,-1,-1,-1,-1,-1,-1,1,1,1,-1,
-1,-1,-1,-1,-1,-1,-1,-1,-1,-1,-1,-1,-1,-1,-1,-1,-1,1,-1,-1,
-1,-1,-1,-1,-1,-1,-1,-1,-1,-1,-1,-1,-1,-1,-1,-1,-1,-1,-1,-1,
-1,-1,-1,-1,-1,-1,-1,-1,-1,-1,-1,-1,-1,-1,-1,-1,-1,-1,-1,-1,
-1,-1,-1,-1,1,-1,-1,-1,-1,-1,-1,-1,-1,-1,-1,-1,-1,-1,-1,-1,
-1,-1,-1,-1,-1,-1,-1,-1,-1,-1,-1,-1,-1,-1,-1,-1,-1,-1,-1,-1,
-1,-1,-1,-1,-1,-1,-1,-1,-1,-1,-1,-1,-1,-1,-1,1,-1,-1,-1,-1,
1,-1,-1,-1,-1,-1,-1,-1,-1,1,-1,-1,-1,-1,-1,-1,-1,-1,-1,-1,
-1,-1,-1,-1,-1,-1,-1,-1,-1,-1,-1,-1,-1,-1,-1,-1,-1,-1,-1,-1,
-1,1,-1,-1,-1,-1,-1,-1,-1,-1,-1,-1,-1,-1,-1,-1,-1,-1,-1,-1,
-1,1,-1,-1,-1,-1,1,-1,-1,-1,-1,-1,-1,-1,-1,-1,-1,-1,-1,-1,
-1,-1,1,1,-1,-1,-1,-1,-1,-1,-1,-1,-1,-1,-1,-1,-1,-1,-1,-1,
-1,-1,-1,-1,-1,-1,-1,-1,-1,-1,-1,-1,-1,-1,-1,-1,-1,-1,-1,-1,
-1,-1,-1,-1,-1,1,-1,-1,-1,-1,-1,-1,-1,-1,-1,-1,-1,-1,-1,-1,
-1,-1,-1,-1,-1,-1,-1,-1,-1,-1,-1,-1,-1,-1,-1,-1,-1,-1,-1,-1,
-1,-1,-1,-1,-1,-1,-1,-1,-1,-1,-1,-1,1,-1,1,-1,-1,-1,-1,1,
-1,-1,-1,-1,-1,-1,-1,-1,-1,-1,-1,-1,-1,-1,-1,-1,-1,-1,-1,-1,
Epsilon: -1.000000
Temperature: 3.000000
Magnetic Field: 0.000000
-1,-1,-1,-1,-1,1,-1,-1,1,1,1,-1,-1,1,-1,-1,-1,-1,1,1,
-1,1,1,1,1,1,-1,-1,1,-1,-1,-1,-1,-1,-1,-1,1,1,-1,-1,
-1,-1,1,1,1,1,-1,-1,1,-1,-1,-1,-1,-1,-1,-1,-1,1,-1,-1,
-1,-1,-1,1,1,1,1,1,1,-1,-1,-1,-1,-1,-1,-1,-1,1,-1,-1,
1,1,1,1,1,1,-1,1,1,-1,-1,-1,-1,-1,-1,-1,-1,-1,-1,1,
1,1,1,1,1,1,1,1,-1,-1,-1,-1,-1,-1,-1,-1,-1,1,-1,1,
1,1,1,1,1,-1,-1,1,1,-1,-1,-1,-1,-1,-1,-1,-1,1,1,1,
1,-1,-1,-1,1,-1,1,1,1,1,1,-1,-1,-1,-1,-1,1,1,1,1,
-1,-1,-1,-1,1,-1,1,1,-1,1,1,-1,-1,-1,-1,-1,-1,1,1,-1,
-1,-1,-1,-1,-1,-1,1,-1,1,1,1,-1,-1,-1,-1,-1,1,1,-1,-1,
-1,-1,1,1,1,-1,1,1,1,1,1,-1,1,1,-1,-1,1,1,1,-1,
-1,-1,-1,1,1,1,1,1,1,1,-1,1,1,1,-1,1,1,1,1,-1,
1,-1,-1,-1,1,1,1,1,1,1,1,1,-1,-1,1,1,1,1,1,1,
1,1,-1,-1,1,1,1,1,1,1,1,1,1,1,1,-1,-1,-1,-1,1,
1,-1,-1,-1,-1,1,1,1,1,1,-1,-1,1,1,1,-1,-1,-1,-1,-1,
-1,-1,-1,1,-1,-1,-1,1,-1,1,1,-1,-1,-1,-1,-1,-1,-1,1,-1,
-1,-1,-1,-1,-1,1,1,1,1,1,1,-1,1,1,-1,-1,-1,-1,-1,-1,
1,-1,-1,-1,-1,1,1,1,1,1,1,1,1,1,-1,-1,-1,-1,-1,-1,
-1,-1,-1,-1,1,1,1,-1,-1,1,1,1,1,1,1,-1,-1,-1,-1,-1,
-1,-1,-1,1,1,1,1,1,1,1,1,1,1,1,-1,-1,-1,-1,-1,-1,
Epsilon: -1.000000
Temperature: 1.000000
Magnetic Field: 1.000000
-1,-1,-1,-1,-1,-1,-1,-1,-1,-1,-1,-1,-1,-1,-1,-1,-1,-1,-1,-1,
-1,-1,-1,-1,-1,-1,-1,-1,-1,-1,-1,-1,-1,-1,-1,-1,-1,-1,-1,-1,
-1,-1,-1,-1,-1,-1,-1,-1,-1,-1,-1,-1,-1,-1,-1,-1,-1,-1,-1,-1,
-1,-1,-1,-1,-1,-1,-1,-1,-1,-1,-1,-1,-1,-1,-1,-1,-1,-1,-1,-1,
-1,-1,-1,-1,-1,-1,-1,-1,-1,-1,-1,-1,-1,-1,-1,-1,-1,-1,-1,-1,
-1,-1,-1,-1,-1,-1,-1,-1,-1,-1,-1,-1,-1,-1,-1,-1,-1,-1,-1,-1,
-1,-1,-1,-1,-1,-1,-1,-1,-1,-1,-1,-1,-1,-1,-1,-1,-1,-1,-1,-1,
-1,-1,-1,-1,-1,-1,-1,-1,-1,-1,-1,-1,-1,-1,-1,-1,-1,-1,-1,-1,
-1,-1,-1,-1,-1,-1,-1,-1,-1,-1,-1,-1,-1,-1,-1,-1,-1,-1,-1,-1,
-1,-1,-1,-1,-1,-1,-1,-1,-1,-1,-1,-1,-1,-1,-1,-1,-1,-1,-1,-1,
-1,-1,-1,-1,-1,-1,-1,-1,-1,-1,-1,-1,-1,-1,-1,-1,-1,-1,-1,-1,
-1,-1,-1,-1,-1,-1,-1,-1,-1,-1,-1,-1,-1,-1,-1,-1,-1,-1,-1,-1,
-1,-1,-1,-1,-1,-1,-1,-1,-1,-1,-1,-1,-1,-1,-1,-1,-1,-1,-1,-1,
-1,-1,-1,-1,-1,-1,-1,-1,-1,-1,-1,-1,-1,-1,-1,-1,-1,-1,-1,-1,
-1,-1,-1,-1,-1,-1,-1,-1,-1,-1,-1,-1,-1,-1,-1,-1,-1,-1,-1,-1,
-1,-1,-1,-1,-1,-1,-1,-1,-1,-1,-1,-1,-1,-1,-1,-1,-1,-1,-1,-1,
-1,-1,-1,-1,-1,-1,-1,-1,-1,-1,-1,-1,-1,-1,-1,-1,-1,-1,-1,-1,
-1,-1,-1,-1,-1,-1,-1,-1,-1,-1,-1,-1,-1,-1,-1,-1,-1,-1,-1,-1,
-1,-1,-1,-1,-1,-1,-1,-1,-1,-1,-1,-1,-1,-1,-1,-1,-1,-1,-1,-1,
-1,-1,-1,-1,-1,-1,-1,-1,-1,-1,-1,-1,-1,-1,-1,-1,-1,-1,-1,-1,
Epsilon: -1.000000
Temperature: 2.000000
Magnetic Field: 1.000000
-1,-1,-1,-1,-1,-1,-1,-1,-1,-1,-1,-1,-1,-1,-1,-1,-1,-1,-1,-1,
-1,-1,-1,-1,-1,-1,-1,-1,-1,-1,-1,-1,-1,-1,-1,-1,-1,-1,-1,-1,
-1,-1,-1,-1,-1,-1,-1,-1,-1,-1,-1,-1,1,-1,-1,-1,-1,-1,-1,-1,
-1,-1,-1,-1,-1,-1,-1,-1,-1,-1,-1,-1,-1,-1,-1,-1,-1,-1,-1,-1,
-1,-1,-1,-1,-1,-1,-1,-1,-1,-1,-1,-1,-1,-1,-1,1,1,-1,-1,-1,
-1,-1,-1,-1,-1,-1,-1,-1,-1,-1,-1,-1,-1,-1,-1,-1,-1,-1,-1,-1,
-1,-1,-1,-1,-1,-1,-1,-1,-1,-1,-1,-1,-1,-1,-1,-1,-1,-1,-1,-1,
-1,-1,-1,-1,-1,-1,-1,-1,-1,-1,-1,-1,-1,-1,-1,-1,-1,-1,-1,-1,
-1,-1,-1,-1,-1,-1,-1,-1,-1,-1,-1,-1,-1,-1,-1,-1,-1,-1,-1,-1,
-1,-1,-1,-1,-1,-1,-1,-1,-1,-1,-1,-1,-1,-1,-1,-1,-1,-1,-1,-1,
-1,-1,-1,-1,-1,-1,-1,-1,-1,-1,-1,-1,-1,-1,-1,-1,-1,-1,-1,-1,
-1,-1,-1,-1,-1,-1,-1,-1,-1,-1,-1,-1,-1,-1,-1,-1,-1,-1,-1,-1,
-1,-1,-1,-1,-1,-1,-1,-1,-1,-1,-1,-1,-1,-1,-1,-1,-1,-1,-1,-1,
-1,-1,-1,-1,-1,-1,-1,-1,-1,-1,-1,-1,-1,-1,-1,-1,-1,-1,-1,-1,
-1,-1,-1,-1,-1,-1,-1,-1,-1,-1,-1,-1,-1,-1,-1,-1,-1,-1,-1,-1,
-1,-1,-1,-1,-1,-1,-1,-1,-1,-1,-1,-1,-1,-1,-1,-1,-1,-1,-1,-1,
-1,-1,-1,-1,-1,-1,-1,-1,-1,-1,-1,-1,-1,-1,-1,-1,-1,-1,-1,-1,
-1,-1,-1,-1,-1,-1,-1,-1,-1,-1,-1,-1,-1,-1,-1,-1,-1,-1,-1,-1,
-1,-1,-1,-1,-1,-1,-1,-1,-1,-1,-1,-1,-1,-1,-1,-1,-1,-1,-1,-1,
-1,-1,-1,-1,-1,-1,-1,-1,-1,-1,-1,-1,-1,-1,-1,-1,-1,-1,-1,-1,
Epsilon: -1.000000
Temperature: 3.000000
Magnetic Field: 1.000000
-1,-1,-1,-1,-1,-1,-1,-1,-1,-1,-1,-1,-1,-1,-1,-1,-1,-1,-1,-1,
-1,-1,-1,-1,-1,-1,-1,-1,-1,-1,-1,-1,-1,-1,-1,-1,-1,-1,-1,-1,
-1,-1,-1,-1,-1,-1,-1,-1,-1,-1,-1,-1,-1,-1,-1,-1,-1,-1,-1,-1,
-1,-1,1,-1,-1,-1,-1,-1,-1,-1,-1,-1,-1,-1,-1,-1,-1,-1,-1,-1,
-1,-1,1,-1,-1,-1,-1,-1,-1,-1,-1,-1,-1,-1,-1,-1,-1,-1,-1,-1,
-1,-1,-1,-1,-1,1,-1,-1,-1,-1,-1,-1,-1,-1,-1,-1,1,-1,-1,-1,
-1,-1,-1,-1,-1,-1,-1,-1,-1,-1,-1,-1,-1,-1,-1,-1,-1,-1,-1,-1,
-1,-1,-1,-1,-1,-1,-1,-1,-1,-1,-1,-1,-1,-1,-1,-1,-1,-1,-1,-1,
-1,-1,-1,-1,-1,-1,-1,-1,-1,-1,-1,-1,-1,-1,-1,-1,-1,-1,-1,1,
-1,-1,-1,-1,-1,1,-1,-1,-1,1,-1,-1,-1,-1,-1,-1,-1,-1,-1,-1,
-1,-1,-1,-1,-1,-1,-1,-1,-1,-1,-1,-1,-1,-1,-1,-1,-1,-1,1,-1,
-1,-1,-1,-1,-1,1,-1,-1,-1,1,-1,-1,-1,-1,-1,-1,-1,-1,-1,-1,
-1,-1,-1,-1,-1,-1,-1,-1,-1,-1,-1,-1,-1,-1,1,-1,-1,-1,-1,-1,
-1,-1,-1,-1,-1,-1,-1,-1,-1,-1,-1,-1,-1,-1,-1,-1,-1,-1,-1,-1,
-1,-1,-1,-1,-1,-1,-1,-1,-1,-1,-1,-1,-1,-1,-1,-1,-1,-1,-1,-1,
-1,-1,-1,-1,-1,-1,-1,-1,-1,-1,-1,-1,-1,-1,-1,-1,-1,-1,-1,-1,
-1,-1,-1,-1,-1,-1,-1,-1,1,-1,-1,-1,-1,-1,-1,-1,-1,-1,-1,1,
-1,-1,-1,-1,-1,-1,-1,-1,1,-1,-1,1,-1,-1,-1,-1,-1,-1,-1,-1,
-1,-1,-1,-1,-1,-1,-1,-1,-1,-1,-1,-1,-1,-1,-1,-1,-1,1,-1,-1,
-1,-1,-1,-1,-1,-1,-1,-1,-1,-1,-1,-1,-1,-1,-1,-1,-1,-1,-1,-1,
Epsilon: -1.000000
Temperature: 1.000000
Magnetic Field: 2.000000
-1,-1,-1,-1,-1,-1,-1,-1,-1,-1,-1,-1,-1,-1,-1,-1,-1,-1,-1,-1,
-1,-1,-1,-1,-1,-1,-1,-1,-1,-1,-1,-1,-1,-1,-1,-1,-1,-1,-1,-1,
-1,-1,-1,-1,-1,-1,-1,-1,-1,-1,-1,-1,-1,-1,-1,-1,-1,-1,-1,-1,
-1,-1,-1,-1,-1,-1,-1,-1,-1,-1,-1,-1,-1,-1,-1,-1,-1,-1,-1,-1,
-1,-1,-1,-1,-1,-1,-1,-1,-1,-1,-1,-1,-1,-1,-1,-1,-1,-1,-1,-1,
-1,-1,-1,-1,-1,-1,-1,-1,-1,-1,-1,-1,-1,-1,-1,-1,-1,-1,-1,-1,
-1,-1,-1,-1,-1,-1,-1,-1,-1,-1,-1,-1,-1,-1,-1,-1,-1,-1,-1,-1,
-1,-1,-1,-1,-1,-1,-1,-1,-1,-1,-1,-1,-1,-1,-1,-1,-1,-1,-1,-1,
-1,-1,-1,-1,-1,-1,-1,-1,-1,-1,-1,-1,-1,-1,-1,-1,-1,-1,-1,-1,
-1,-1,-1,-1,-1,-1,-1,-1,-1,-1,-1,-1,-1,-1,-1,-1,-1,-1,-1,-1,
-1,-1,-1,-1,-1,-1,-1,-1,-1,-1,-1,-1,-1,-1,-1,-1,-1,-1,-1,-1,
-1,-1,-1,-1,-1,-1,-1,-1,-1,-1,-1,-1,-1,-1,-1,-1,-1,-1,-1,-1,
-1,-1,-1,-1,-1,-1,-1,-1,-1,-1,-1,-1,-1,-1,-1,-1,-1,-1,-1,-1,
-1,-1,-1,-1,-1,-1,-1,-1,-1,-1,-1,-1,-1,-1,-1,-1,-1,-1,-1,-1,
-1,-1,-1,-1,-1,-1,-1,-1,-1,-1,-1,-1,-1,-1,-1,-1,-1,-1,-1,-1,
-1,-1,-1,-1,-1,-1,-1,-1,-1,-1,-1,-1,-1,-1,-1,-1,-1,-1,-1,-1,
-1,-1,-1,-1,-1,-1,-1,-1,-1,-1,-1,-1,-1,-1,-1,-1,-1,-1,-1,-1,
-1,-1,-1,-1,-1,-1,-1,-1,-1,-1,-1,-1,-1,-1,-1,-1,-1,-1,-1,-1,
-1,-1,-1,-1,-1,-1,-1,-1,-1,-1,-1,-1,-1,-1,-1,-1,-1,-1,-1,-1,
-1,-1,-1,-1,-1,-1,-1,-1,-1,-1,-1,-1,-1,-1,-1,-1,-1,-1,-1,-1,
Epsilon: -1.000000
Temperature: 2.000000
Magnetic Field: 2.000000
-1,-1,-1,-1,-1,-1,-1,-1,-1,-1,-1,-1,-1,-1,-1,-1,-1,-1,-1,-1,
-1,-1,-1,-1,-1,-1,-1,-1,-1,-1,-1,-1,-1,-1,-1,-1,-1,-1,-1,-1,
-1,-1,-1,-1,-1,-1,-1,-1,-1,-1,-1,-1,-1,-1,-1,-1,-1,-1,-1,-1,
-1,-1,-1,-1,-1,-1,-1,-1,-1,-1,-1,-1,-1,-1,-1,-1,-1,-1,-1,-1,
-1,-1,-1,-1,-1,-1,-1,-1,-1,-1,-1,-1,-1,-1,-1,-1,-1,-1,-1,-1,
-1,-1,-1,-1,-1,-1,-1,-1,-1,-1,-1,-1,-1,-1,-1,-1,-1,-1,-1,-1,
-1,-1,-1,-1,-1,-1,-1,-1,-1,-1,-1,-1,-1,-1,-1,-1,-1,-1,-1,-1,
-1,-1,-1,-1,-1,-1,-1,-1,-1,-1,-1,-1,-1,-1,-1,-1,-1,-1,-1,-1,
-1,-1,-1,-1,-1,-1,-1,-1,-1,-1,-1,-1,-1,-1,-1,-1,-1,-1,-1,-1,
-1,-1,-1,-1,-1,-1,-1,-1,-1,-1,-1,-1,-1,-1,-1,-1,-1,-1,-1,-1,
-1,-1,-1,-1,-1,-1,-1,-1,-1,-1,-1,-1,-1,-1,-1,-1,-1,-1,-1,-1,
-1,-1,-1,-1,-1,-1,-1,-1,-1,-1,-1,-1,-1,-1,-1,-1,-1,-1,-1,-1,
-1,-1,-1,-1,-1,-1,-1,-1,-1,-1,-1,-1,-1,-1,-1,-1,-1,-1,-1,-1,
-1,-1,-1,-1,-1,-1,-1,-1,-1,-1,-1,-1,-1,-1,-1,-1,-1,-1,-1,-1,
-1,-1,-1,-1,-1,-1,-1,-1,-1,-1,-1,-1,-1,-1,-1,-1,-1,-1,-1,-1,
-1,-1,-1,-1,-1,-1,-1,-1,-1,-1,-1,-1,-1,-1,-1,-1,-1,-1,-1,-1,
-1,-1,-1,-1,-1,-1,-1,-1,-1,-1,-1,-1,-1,-1,-1,-1,-1,-1,-1,-1,
-1,-1,-1,-1,-1,-1,-1,-1,-1,-1,-1,-1,-1,-1,-1,-1,-1,-1,-1,-1,
-1,-1,-1,-1,-1,-1,-1,-1,-1,-1,-1,-1,-1,-1,-1,-1,-1,-1,-1,-1,
-1,-1,-1,-1,-1,-1,-1,-1,-1,-1,-1,-1,-1,-1,-1,-1,-1,-1,-1,-1,
Epsilon: -1.000000
Temperature: 3.000000
Magnetic Field: 2.000000
-1,-1,-1,-1,-1,-1,-1,-1,-1,-1,-1,-1,-1,-1,-1,-1,-1,-1,-1,-1,
-1,-1,-1,-1,-1,-1,-1,-1,-1,-1,-1,-1,-1,-1,-1,-1,-1,-1,-1,-1,
-1,-1,-1,-1,-1,-1,-1,-1,-1,-1,-1,-1,-1,-1,-1,-1,-1,-1,-1,-1,
-1,-1,-1,-1,-1,-1,-1,-1,-1,-1,-1,-1,-1,-1,-1,-1,-1,-1,-1,-1,
-1,-1,-1,-1,-1,-1,-1,-1,-1,-1,-1,-1,-1,-1,-1,-1,-1,-1,-1,-1,
-1,-1,-1,-1,-1,-1,-1,-1,-1,-1,-1,-1,-1,-1,-1,-1,-1,-1,-1,-1,
-1,-1,-1,-1,-1,-1,-1,-1,-1,-1,-1,-1,-1,-1,-1,-1,-1,-1,-1,-1,
-1,-1,-1,-1,-1,-1,-1,-1,-1,-1,-1,-1,-1,-1,-1,-1,-1,-1,-1,-1,
-1,-1,-1,-1,-1,1,-1,-1,-1,-1,-1,-1,-1,-1,-1,-1,-1,-1,-1,-1,
-1,-1,-1,-1,-1,-1,-1,-1,1,-1,-1,-1,-1,-1,-1,-1,-1,-1,-1,-1,
-1,-1,-1,1,-1,-1,-1,-1,-1,-1,-1,-1,-1,-1,-1,-1,-1,-1,-1,-1,
-1,-1,1,-1,-1,-1,-1,-1,-1,-1,-1,-1,-1,-1,-1,-1,-1,1,-1,-1,
-1,-1,-1,-1,-1,-1,-1,-1,1,-1,-1,-1,-1,-1,-1,-1,-1,-1,-1,-1,
-1,-1,-1,-1,-1,-1,-1,-1,-1,-1,-1,-1,-1,-1,-1,-1,-1,-1,-1,-1,
-1,-1,-1,-1,-1,-1,-1,-1,-1,-1,-1,-1,-1,-1,-1,-1,-1,-1,-1,-1,
-1,-1,-1,-1,-1,-1,-1,-1,-1,-1,-1,-1,-1,-1,-1,-1,-1,-1,-1,-1,
-1,-1,-1,-1,-1,-1,-1,-1,-1,-1,-1,-1,-1,-1,-1,-1,-1,-1,-1,-1,
-1,1,-1,-1,-1,-1,-1,-1,-1,-1,-1,-1,-1,-1,-1,-1,-1,-1,-1,-1,
-1,-1,-1,-1,-1,-1,-1,-1,-1,-1,-1,-1,-1,-1,-1,-1,-1,-1,-1,-1,
-1,-1,-1,-1,-1,1,-1,-1,-1,-1,-1,-1,-1,-1,-1,-1,-1,-1,-1,-1,
Epsilon: 0.000000
Temperature: 1.000000
Magnetic Field: 0.000000
1,1,-1,-1,1,-1,-1,-1,1,-1,-1,1,-1,1,-1,1,1,1,-1,-1,
-1,1,-1,-1,1,-1,1,1,1,-1,1,-1,-1,-1,-1,-1,-1,1,-1,-1,
-1,-1,1,1,-1,-1,-1,1,-1,-1,1,1,-1,1,1,1,-1,1,-1,-1,
1,-1,-1,-1,-1,-1,-1,1,-1,1,-1,-1,-1,1,-1,-1,-1,1,-1,-1,
-1,1,-1,-1,1,1,-1,-1,1,-1,-1,1,1,1,1,-1,1,-1,-1,-1,
1,1,1,1,-1,-1,-1,-1,1,-1,1,1,-1,1,-1,-1,-1,-1,1,-1,
-1,-1,1,-1,1,1,-1,-1,-1,1,-1,-1,1,1,-1,1,1,-1,-1,1,
-1,-1,-1,1,1,1,-1,-1,1,-1,1,1,-1,-1,-1,1,-1,1,1,1,
1,1,-1,1,1,-1,1,-1,1,-1,1,-1,1,-1,1,1,1,1,1,1,
-1,-1,1,-1,-1,1,-1,1,-1,-1,1,-1,1,1,-1,1,1,1,-1,-1,
-1,-1,-1,1,1,1,-1,-1,-1,1,1,1,-1,-1,1,-1,-1,-1,1,1,
-1,-1,1,-1,-1,-1,-1,-1,1,1,-1,1,1,1,-1,1,-1,1,1,1,
1,-1,1,1,1,-1,-1,-1,-1,-1,-1,-1,1,1,1,1,1,1,-1,-1,
-1,-1,-1,1,1,-1,-1,-1,1,1,1,1,1,-1,-1,-1,-1,1,1,1,
1,-1,1,-1,-1,1,1,-1,-1,1,1,1,1,-1,1,-1,1,-1,-1,1,
-1,-1,1,1,-1,-1,-1,1,1,-1,-1,-1,-1,1,-1,1,-1,-1,-1,1,
1,-1,-1,1,-1,-1,1,1,1,1,1,1,1,1,1,-1,1,-1,1,-1,
-1,1,1,1,1,1,1,-1,-1,1,-1,1,-1,-1,-1,1,1,1,1,-1,
1,-1,1,-1,-1,-1,1,-1,1,1,1,1,1,1,1,1,1,-1,1,1,
-1,1,-1,-1,1,-1,-1,1,1,1,-1,-1,1,-1,-1,-1,1,1,1,-1,
Epsilon: 0.000000
Temperature: 2.000000
Magnetic Field: 0.000000
-1,1,-1,1,-1,1,1,1,-1,1,-1,1,1,1,1,1,-1,-1,-1,1,
1,-1,1,1,1,-1,1,-1,-1,1,-1,-1,1,-1,1,-1,-1,1,-1,1,
1,1,1,-1,1,-1,1,-1,1,-1,1,-1,-1,1,-1,1,-1,-1,1,-1,
-1,1,1,-1,1,-1,1,1,1,1,-1,1,1,1,1,1,1,1,1,-1,
1,1,1,-1,-1,1,1,-1,1,1,-1,-1,1,1,-1,1,1,1,-1,1,
1,1,1,1,-1,1,-1,1,-1,-1,1,1,1,1,1,-1,-1,1,1,1,
1,-1,-1,-1,-1,1,-1,-1,1,-1,-1,1,-1,1,1,-1,1,1,1,-1,
1,1,-1,1,-1,-1,-1,1,1,-1,-1,1,-1,-1,-1,1,1,-1,1,1,
-1,-1,-1,1,-1,-1,1,1,-1,-1,1,1,-1,1,-1,1,-1,1,1,1,
-1,-1,1,1,1,1,-1,-1,-1,-1,1,1,-1,-1,-1,1,-1,-1,-1,1,
-1,1,1,-1,-1,1,-1,-1,1,-1,1,-1,1,-1,1,1,1,1,-1,1,
1,-1,-1,-1,-1,1,1,-1,-1,-1,-1,1,-1,1,1,-1,1,1,-1,-1,
1,-1,-1,1,1,1,-1,-1,1,-1,-1,1,-1,-1,1,-1,-1,-1,1,-1,
-1,1,1,1,-1,-1,-1,-1,1,-1,-1,1,1,1,1,-1,-1,-1,1,1,
-1,1,-1,-1,-1,-1,-1,-1,-1,-1,1,1,1,1,1,1,1,-1,1,-1,
1,1,-1,1,1,1,1,1,1,-1,1,1,-1,1,-1,-1,-1,1,-1,-1,
-1,1,1,-1,1,-1,1,-1,-1,-1,-1,-1,-1,-1,-1,-1,1,-1,1,-1,
1,-1,1,1,-1,-1,1,-1,-1,1,1,-1,-1,-1,-1,-1,1,-1,-1,1,
1,-1,-1,-1,-1,-1,-1,1,-1,-1,1,1,1,1,-1,-1,-1,-1,1,-1,
1,-1,1,1,-1,-1,1,-1,-1,-1,1,-1,1,1,1,-1,1,-1,-1,1,
Epsilon: 0.000000
Temperature: 3.000000
Magnetic Field: 0.000000
-1,1,1,-1,-1,-1,1,1,-1,1,1,-1,1,1,1,-1,1,-1,1,-1,
1,-1,-1,1,-1,1,-1,-1,-1,1,1,-1,1,1,1,-1,1,-1,1,1,
1,1,1,-1,-1,-1,-1,1,1,1,1,1,1,1,-1,1,-1,1,-1,-1,
-1,-1,-1,1,-1,-1,1,-1,1,1,-1,1,-1,-1,1,1,1,1,1,1,
1,-1,1,1,-1,-1,1,1,-1,1,-1,1,-1,-1,-1,-1,1,-1,1,1,
-1,1,1,-1,-1,1,-1,-1,1,-1,1,1,1,1,1,-1,1,1,-1,1,
1,-1,1,1,-1,-1,1,1,-1,1,1,1,1,-1,-1,-1,-1,-1,1,-1,
1,-1,1,-1,-1,-1,-1,1,1,1,-1,-1,1,-1,1,-1,-1,1,1,-1,
-1,-1,-1,1,1,1,-1,-1,1,1,-1,1,1,1,1,-1,-1,-1,1,-1,
-1,1,-1,1,-1,-1,1,1,1,1,1,-1,1,-1,1,1,1,-1,1,-1,
-1,-1,-1,1,-1,-1,1,1,-1,1,1,1,-1,-1,-1,-1,1,1,-1,-1,
1,1,1,1,-1,1,1,-1,-1,1,1,-1,-1,-1,1,-1,-1,-1,-1,1,
1,1,1,1,-1,-1,-1,1,1,1,1,1,1,-1,1,1,-1,1,-1,1,
1,1,1,1,1,-1,-1,-1,-1,-1,1,1,-1,1,1,1,1,1,1,1,
-1,-1,-1,1,-1,1,1,-1,-1,1,1,1,-1,-1,1,1,1,1,-1,1,
1,1,1,1,-1,1,1,-1,1,-1,-1,-1,1,1,1,1,1,1,-1,1,
-1,-1,-1,1,1,1,1,-1,1,1,-1,-1,-1,-1,-1,1,1,-1,-1,1,
1,-1,-1,1,1,-1,-1,-1,-1,-1,1,-1,1,1,1,-1,1,-1,1,1,
-1,1,1,1,-1,1,1,1,-1,1,1,-1,1,-1,1,-1,-1,-1,1,-1,
-1,-1,-1,1,-1,1,-1,-1,-1,1,-1,-1,-1,-1,-1,-1,1,-1,-1,1,
Epsilon: 0.000000
Temperature: 1.000000
Magnetic Field: 1.000000
-1,-1,-1,-1,-1,-1,-1,-1,1,1,-1,-1,-1,-1,-1,-1,-1,-1,-1,-1,
-1,-1,-1,-1,-1,-1,-1,-1,-1,-1,-1,-1,-1,-1,-1,-1,-1,-1,-1,-1,
-1,-1,-1,1,-1,1,-1,-1,-1,-1,-1,-1,-1,1,-1,1,-1,-1,-1,1,
-1,-1,-1,-1,-1,-1,-1,-1,-1,-1,-1,-1,-1,1,-1,-1,1,-1,-1,-1,
-1,-1,-1,-1,-1,-1,-1,-1,-1,-1,-1,1,-1,-1,-1,-1,-1,-1,-1,1,
-1,-1,1,-1,-1,-1,-1,-1,-1,-1,-1,1,-1,-1,-1,1,-1,1,-1,1,
-1,1,-1,-1,-1,-1,-1,-1,-1,-1,-1,-1,1,-1,-1,-1,-1,-1,-1,-1,
-1,-1,-1,-1,1,-1,-1,-1,1,-1,-1,-1,-1,-1,-1,-1,-1,-1,-1,-1,
-1,-1,-1,-1,-1,-1,-1,-1,-1,-1,-1,1,-1,1,-1,-1,-1,-1,-1,-1,
-1,-1,-1,-1,-1,-1,-1,1,-1,-1,-1,1,-1,-1,-1,1,-1,-1,-1,-1,
-1,-1,-1,-1,-1,-1,-1,-1,-1,-1,-1,-1,-1,-1,1,-1,-1,-1,-1,-1,
-1,-1,-1,-1,-1,-1,-1,-1,-1,1,-1,-1,-1,-1,-1,-1,-1,-1,-1,-1,
-1,-1,-1,-1,-1,-1,-1,-1,-1,-1,1,-1,1,-1,1,-1,-1,-1,-1,-1,
-1,-1,-1,-1,1,-1,-1,-1,-1,-1,-1,-1,1,-1,-1,-1,-1,-1,-1,-1,
-1,-1,-1,-1,-1,-1,-1,-1,-1,-1,-1,-1,-1,-1,-1,-1,-1,1,-1,-1,
1,-1,-1,-1,-1,-1,-1,-1,-1,-1,1,-1,-1,-1,-1,1,-1,-1,-1,-1,
-1,-1,-1,-1,-1,-1,-1,-1,-1,-1,-1,-1,-1,-1,-1,-1,1,-1,-1,-1,
-1,-1,-1,-1,-1,-1,-1,-1,-1,-1,-1,-1,-1,-1,-1,-1,-1,-1,-1,1,
-1,-1,-1,-1,1,-1,-1,-1,-1,-1,-1,-1,-1,-1,-1,-1,-1,-1,-1,-1,
-1,-1,-1,-1,-1,-1,-1,-1,-1,-1,-1,-1,-1,-1,1,-1,-1,-1,-1,-1,
Epsilon: 0.000000
Temperature: 2.000000
Magnetic Field: 1.000000
-1,-1,-1,1,1,-1,-1,-1,-1,-1,-1,1,1,-1,-1,-1,-1,1,-1,-1,
-1,-1,1,1,-1,-1,-1,-1,-1,-1,-1,-1,-1,1,1,-1,-1,-1,1,-1,
-1,-1,-1,-1,-1,-1,1,-1,1,-1,1,-1,-1,1,-1,1,-1,1,-1,-1,
-1,1,-1,-1,1,1,-1,1,-1,-1,-1,-1,-1,-1,-1,1,-1,1,-1,-1,
-1,1,-1,1,-1,-1,1,1,-1,-1,1,-1,-1,-1,-1,-1,-1,-1,1,-1,
1,-1,1,-1,-1,1,-1,-1,1,-1,-1,1,1,1,1,1,1,-1,1,1,
-1,1,-1,1,-1,-1,-1,-1,-1,-1,1,-1,-1,-1,-1,-1,1,-1,-1,-1,
1,-1,-1,-1,1,-1,-1,-1,-1,-1,-1,1,-1,1,-1,1,-1,-1,1,-1,
-1,-1,-1,-1,-1,-1,-1,-1,1,-1,-1,-1,-1,-1,-1,-1,-1,1,-1,-1,
-1,1,-1,-1,-1,-1,-1,1,1,-1,-1,1,-1,1,1,-1,-1,-1,1,-1,
-1,-1,-1,-1,-1,-1,-1,1,-1,-1,-1,-1,-1,1,1,-1,-1,-1,-1,-1,
1,-1,1,1,1,-1,-1,-1,-1,-1,1,-1,-1,-1,-1,1,-1,1,1,1,
-1,-1,1,-1,-1,-1,-1,-1,-1,-1,1,-1,-1,1,1,1,-1,-1,-1,-1,
-1,-1,-1,-1,-1,-1,-1,1,1,-1,1,-1,-1,-1,-1,-1,-1,1,-1,-1,
-1,-1,-1,-1,-1,-1,1,-1,-1,1,-1,-1,1,-1,-1,-1,1,1,1,1,
-1,1,1,-1,-1,-1,-1,1,1,-1,1,1,1,1,-1,1,-1,1,-1,1,
1,-1,-1,-1,-1,1,1,-1,1,1,1,1,-1,1,-1,1,-1,-1,-1,-1,
-1,1,-1,1,-1,-1,-1,-1,-1,-1,-1,-1,1,1,-1,1,-1,-1,-1,-1,
1,-1,-1,-1,-1,1,-1,-1,1,1,-1,1,1,-1,-1,1,-1,1,-1,-1,
-1,-1,-1,-1,-1,-1,-1,-1,-1,1,-1,-1,-1,1,-1,-1,-1,-1,-1,-1,
Epsilon: 0.000000
Temperature: 3.000000
Magnetic Field: 1.000000
1,1,1,1,-1,1,-1,1,1,1,-1,-1,-1,-1,-1,-1,-1,1,-1,-1,
1,1,1,1,-1,1,-1,1,-1,1,1,-1,-1,1,-1,1,-1,-1,-1,-1,
-1,-1,-1,-1,1,-1,-1,1,1,-1,-1,-1,-1,1,-1,-1,-1,-1,1,-1,
1,1,-1,-1,1,-1,1,-1,-1,-1,1,-1,-1,1,1,1,-1,1,1,1,
-1,1,-1,-1,-1,1,-1,-1,-1,1,-1,-1,-1,1,-1,1,1,-1,-1,-1,
-1,-1,1,-1,-1,1,-1,1,-1,-1,-1,-1,1,-1,-1,-1,-1,1,-1,-1,
-1,-1,-1,1,-1,1,-1,1,1,-1,-1,-1,-1,1,-1,-1,-1,1,-1,-1,
-1,1,-1,-1,-1,1,-1,-1,-1,-1,-1,1,-1,-1,-1,1,-1,1,1,-1,
1,1,-1,-1,-1,1,1,1,1,1,1,-1,-1,-1,1,1,-1,1,-1,1,
-1,-1,-1,1,-1,-1,1,-1,-1,-1,1,1,1,-1,1,-1,-1,-1,-1,1,
1,1,1,-1,1,-1,-1,1,-1,-1,-1,-1,-1,1,1,-1,1,-1,1,1,
-1,1,-1,-1,-1,-1,-1,-1,-1,-1,-1,-1,-1,-1,1,-1,-1,-1,1,-1,
-1,1,1,1,1,-1,-1,-1,-1,1,-1,-1,-1,1,-1,-1,-1,1,1,-1,
-1,-1,-1,1,-1,-1,-1,-1,-1,-1,-1,1,-1,-1,-1,-1,-1,-1,-1,1,
-1,-1,-1,-1,-1,-1,-1,-1,1,-1,-1,-1,-1,-1,1,1,-1,1,1,1,
1,-1,-1,-1,-1,1,-1,-1,-1,1,-1,1,-1,-1,-1,-1,-1,-1,1,-1,
-1,1,-1,-1,-1,-1,-1,-1,-1,-1,-1,-1,1,-1,1,-1,-1,1,1,-1,
1,-1,-1,1,-1,1,-1,1,1,1,1,1,-1,-1,-1,1,1,-1,-1,1,
1,-1,1,1,-1,-1,-1,1,-1,-1,-1,-1,-1,-1,-1,1,-1,-1,1,1,
-1,1,-1,-1,-1,1,1,-1,-1,-1,1,1,-1,1,-1,-1,1,-1,-1,-1,
Epsilon: 0.000000
Temperature: 1.000000
Magnetic Field: 2.000000
-1,-1,-1,-1,-1,-1,-1,-1,-1,-1,-1,-1,-1,-1,-1,-1,-1,-1,-1,-1,
-1,-1,-1,-1,-1,-1,-1,-1,-1,-1,-1,-1,-1,-1,-1,-1,-1,-1,-1,-1,
-1,-1,-1,-1,1,-1,-1,-1,-1,-1,-1,-1,-1,-1,-1,-1,-1,-1,-1,-1,
-1,-1,-1,-1,-1,-1,-1,-1,-1,-1,-1,-1,-1,-1,-1,-1,-1,-1,-1,-1,
-1,-1,-1,-1,-1,-1,-1,-1,-1,1,-1,-1,-1,-1,-1,-1,1,-1,-1,-1,
-1,-1,-1,-1,-1,-1,-1,-1,-1,-1,-1,-1,-1,-1,-1,-1,-1,-1,-1,-1,
-1,-1,-1,-1,-1,-1,-1,-1,-1,-1,-1,-1,-1,-1,-1,-1,-1,-1,-1,-1,
-1,-1,-1,-1,-1,-1,-1,-1,-1,-1,-1,-1,-1,-1,-1,-1,-1,-1,-1,-1,
-1,-1,-1,-1,-1,-1,-1,-1,-1,-1,-1,-1,-1,-1,-1,-1,-1,-1,-1,-1,
-1,-1,-1,-1,-1,-1,-1,-1,-1,-1,-1,-1,-1,-1,-1,-1,-1,-1,-1,-1,
-1,-1,1,-1,-1,-1,-1,-1,-1,1,-1,-1,-1,-1,-1,-1,-1,-1,-1,-1,
-1,-1,-1,-1,-1,-1,-1,-1,-1,-1,-1,-1,-1,-1,-1,-1,-1,-1,-1,-1,
-1,-1,-1,-1,-1,-1,-1,-1,-1,-1,-1,-1,-1,-1,-1,-1,-1,-1,-1,-1,
-1,-1,-1,-1,-1,-1,-1,-1,-1,-1,-1,-1,-1,-1,-1,-1,-1,-1,-1,-1,
-1,-1,-1,-1,-1,-1,-1,-1,-1,1,-1,-1,-1,-1,-1,-1,-1,-1,-1,-1,
-1,-1,-1,-1,-1,-1,-1,-1,-1,-1,-1,-1,-1,-1,-1,-1,-1,-1,-1,-1,
-1,-1,-1,-1,-1,-1,-1,-1,-1,-1,-1,-1,-1,-1,-1,-1,-1,-1,-1,-1,
-1,-1,-1,-1,-1,-1,-1,-1,-1,-1,-1,-1,-1,-1,-1,-1,-1,-1,-1,-1,
-1,-1,-1,-1,-1,-1,-1,-1,-1,-1,-1,-1,-1,-1,-1,-1,-1,-1,-1,-1,
-1,-1,-1,-1,-1,-1,1,-1,-1,-1,-1,-1,-1,-1,-1,-1,-1,-1,-1,-1,
Epsilon: 0.000000
Temperature: 2.000000
Magnetic Field: 2.000000
-1,-1,-1,-1,-1,-1,-1,1,-1,-1,-1,1,-1,-1,-1,-1,-1,-1,-1,1,
-1,1,-1,-1,-1,-1,1,1,1,-1,1,-1,-1,-1,-1,-1,-1,-1,-1,-1,
-1,-1,-1,-1,-1,-1,-1,-1,-1,-1,-1,-1,1,-1,-1,1,-1,-1,1,-1,
-1,-1,-1,-1,-1,-1,-1,-1,-1,-1,-1,-1,-1,1,-1,1,-1,-1,-1,-1,
-1,-1,-1,-1,-1,-1,1,-1,-1,-1,-1,-1,-1,-1,-1,1,-1,1,-1,-1,
-1,-1,-1,-1,-1,-1,-1,-1,-1,-1,-1,-1,-1,-1,-1,-1,-1,-1,-1,-1,
-1,-1,-1,-1,-1,-1,1,1,-1,-1,-1,1,1,-1,-1,-1,-1,-1,-1,-1,
-1,-1,1,-1,-1,-1,-1,-1,-1,-1,-1,-1,-1,-1,-1,-1,-1,-1,-1,-1,
-1,-1,-1,-1,-1,-1,-1,-1,-1,-1,-1,-1,-1,-1,-1,-1,-1,-1,1,-1,
-1,-1,-1,-1,-1,-1,-1,1,1,-1,-1,1,-1,-1,-1,-1,-1,-1,-1,1,
-1,-1,-1,-1,-1,-1,-1,-1,1,-1,-1,-1,-1,1,1,-1,-1,-1,-1,-1,
1,-1,-1,-1,-1,-1,-1,-1,-1,-1,-1,-1,-1,1,1,-1,-1,-1,-1,-1,
-1,-1,-1,-1,1,-1,-1,-1,1,-1,-1,-1,-1,-1,-1,-1,-1,-1,-1,-1,
1,-1,-1,-1,-1,-1,-1,-1,-1,-1,-1,-1,-1,-1,-1,-1,1,-1,-1,1,
-1,-1,-1,-1,-1,-1,-1,-1,-1,-1,-1,-1,1,-1,-1,1,-1,-1,-1,-1,
-1,-1,-1,-1,-1,-1,-1,-1,-1,-1,-1,-1,-1,-1,-1,-1,-1,-1,1,-1,
-1,-1,1,-1,-1,-1,-1,1,-1,-1,1,-1,-1,-1,-1,-1,1,-1,-1,-1,
-1,-1,-1,1,-1,-1,-1,-1,-1,-1,-1,-1,-1,-1,-1,1,-1,-1,-1,-1,
-1,-1,-1,-1,-1,-1,-1,-1,-1,-1,-1,-1,-1,-1,-1,-1,-1,-1,-1,-1,
-1,-1,1,-1,-1,-1,-1,-1,1,-1,1,-1,-1,-1,-1,-1,1,-1,1,-1,
Epsilon: 0.000000
Temperature: 3.000000
Magnetic Field: 2.000000
-1,1,-1,-1,-1,-1,-1,-1,-1,-1,-1,-1,-1,-1,-1,-1,-1,-1,-1,-1,
-1,-1,1,-1,-1,-1,-1,1,-1,-1,1,-1,1,-1,-1,-1,-1,-1,-1,-1,
1,1,1,-1,-1,-1,1,1,-1,-1,-1,-1,1,-1,1,-1,-1,-1,-1,-1,
1,-1,-1,-1,-1,1,-1,-1,-1,-1,-1,-1,-1,-1,-1,-1,-1,-1,-1,1,
-1,-1,-1,-1,1,-1,1,-1,1,1,-1,1,-1,-1,-1,-1,-1,-1,-1,-1,
-1,-1,-1,1,-1,1,-1,1,-1,-1,-1,-1,-1,-1,-1,-1,-1,-1,-1,1,
-1,-1,-1,-1,1,-1,-1,-1,-1,-1,1,-1,-1,-1,-1,-1,-1,-1,-1,-1,
1,1,1,-1,-1,-1,-1,-1,-1,-1,-1,1,1,1,-1,-1,-1,-1,-1,-1,
-1,1,-1,-1,-1,-1,-1,1,-1,-1,-1,-1,-1,-1,-1,-1,-1,-1,1,-1,
-1,-1,-1,1,1,-1,1,-1,-1,-1,1,-1,-1,-1,-1,-1,-1,-1,-1,-1,
1,-1,-1,-1,-1,-1,-1,-1,-1,-1,-1,-1,-1,-1,-1,-1,-1,1,-1,-1,
-1,-1,-1,-1,-1,-1,1,-1,1,-1,1,-1,-1,-1,-1,-1,-1,-1,-1,-1,
-1,-1,-1,-1,-1,-1,-1,-1,1,-1,-1,1,-1,-1,-1,-1,-1,-1,-1,1,
-1,-1,-1,-1,-1,-1,-1,1,1,1,-1,-1,1,-1,-1,-1,-1,1,-1,-1,
-1,1,-1,-1,-1,-1,-1,1,-1,-1,-1,1,1,1,1,-1,1,1,-1,1,
-1,-1,-1,-1,-1,-1,-1,-1,1,-1,-1,-1,-1,-1,-1,1,-1,1,-1,-1,
-1,1,-1,-1,-1,1,-1,1,-1,-1,-1,-1,1,-1,1,-1,-1,-1,-1,-1,
1,-1,-1,-1,-1,-1,1,-1,1,-1,-1,-1,1,-1,-1,-1,1,-1,-1,-1,
-1,-1,-1,-1,-1,-1,-1,-1,1,-1,-1,-1,-1,1,-1,-1,-1,-1,-1,-1,
-1,-1,-1,-1,-1,-1,-1,-1,-1,-1,-1,-1,-1,1,1,1,-1,-1,-1,1,
Epsilon: 1.000000
Temperature: 1.000000
Magnetic Field: 0.000000
1,-1,1,-1,1,-1,1,-1,1,-1,1,-1,1,-1,1,-1,1,-1,1,-1,
-1,1,-1,1,-1,1,-1,1,-1,1,-1,1,-1,1,-1,1,-1,1,-1,1,
1,-1,1,-1,1,-1,1,-1,1,-1,1,-1,1,-1,1,-1,1,-1,1,-1,
-1,1,-1,1,-1,1,-1,1,-1,1,-1,1,-1,1,-1,1,-1,1,-1,1,
1,-1,1,-1,1,-1,1,-1,1,-1,1,-1,1,-1,1,-1,1,-1,1,-1,
-1,1,-1,1,-1,1,-1,1,-1,1,-1,1,-1,1,-1,1,-1,1,-1,1,
1,-1,1,-1,1,-1,1,-1,1,-1,1,-1,1,-1,1,-1,1,-1,1,-1,
-1,1,-1,1,-1,1,-1,1,-1,1,-1,1,-1,1,-1,1,-1,1,-1,1,
1,-1,1,-1,1,-1,1,-1,1,-1,1,-1,1,-1,1,-1,1,-1,1,-1,
-1,1,-1,1,-1,1,-1,1,-1,1,-1,1,-1,1,-1,1,-1,1,-1,1,
1,-1,1,-1,1,-1,1,-1,1,-1,1,-1,1,-1,1,-1,1,-1,1,-1,
-1,1,-1,1,-1,1,-1,1,-1,1,-1,1,-1,1,-1,1,-1,1,-1,1,
1,-1,1,-1,1,-1,1,-1,1,-1,1,-1,1,-1,1,-1,1,-1,1,-1,
-1,1,-1,1,-1,1,-1,1,-1,1,-1,1,-1,1,-1,1,-1,1,-1,1,
1,-1,1,-1,1,-1,1,-1,1,-1,1,-1,1,-1,1,-1,1,-1,1,-1,
-1,1,-1,1,-1,1,-1,1,-1,1,-1,1,-1,1,-1,1,-1,1,-1,1,
1,-1,1,-1,1,-1,1,-1,1,-1,1,-1,1,-1,1,-1,1,-1,1,-1,
-1,1,-1,1,-1,1,-1,1,-1,1,-1,1,-1,1,-1,1,-1,1,-1,1,
1,-1,1,-1,1,-1,1,-1,1,-1,1,-1,1,-1,1,-1,1,-1,1,-1,
-1,1,-1,1,-1,1,-1,1,-1,1,-1,1,-1,1,-1,1,-1,1,-1,1,
Epsilon: 1.000000
Temperature: 2.000000
Magnetic Field: 0.000000
1,1,1,-1,1,-1,1,1,1,-1,1,-1,1,-1,1,-1,1,-1,1,-1,
-1,-1,-1,1,-1,1,-1,1,-1,1,-1,1,-1,1,-1,1,-1,-1,1,-1,
1,-1,1,-1,1,-1,1,-1,1,-1,1,-1,1,-1,1,-1,1,-1,-1,-1,
-1,1,-1,1,-1,1,-1,1,1,-1,-1,1,-1,1,-1,1,-1,1,-1,1,
1,-1,1,-1,1,-1,1,1,-1,-1,1,-1,1,-1,1,-1,1,-1,1,-1,
-1,1,-1,1,-1,1,-1,-1,1,1,-1,1,-1,1,-1,1,-1,1,-1,1,
1,-1,1,-1,1,-1,1,1,-1,1,-1,-1,1,-1,1,-1,1,-1,1,-1,
-1,1,-1,1,-1,1,-1,-1,1,1,-1,1,-1,1,-1,1,-1,1,-1,1,
1,-1,1,-1,1,-1,1,-1,1,-1,1,-1,1,-1,1,-1,1,-1,1,-1,
-1,1,-1,1,-1,1,-1,1,-1,1,1,1,-1,1,-1,1,-1,1,-1,1,
1,-1,1,-1,1,-1,1,-1,1,-1,1,-1,1,-1,1,-1,1,-1,1,-1,
-1,1,-1,1,-1,1,-1,1,-1,1,-1,1,1,1,-1,1,-1,1,-1,1,
1,-1,1,-1,1,-1,1,-1,1,-1,1,-1,1,-1,1,-1,1,-1,1,-1,
-1,1,-1,1,-1,1,-1,1,-1,1,-1,1,-1,1,-1,1,-1,1,-1,1,
1,-1,1,-1,1,-1,1,-1,1,-1,1,-1,1,-1,1,-1,1,-1,1,-1,
-1,1,-1,1,-1,1,-1,1,-1,1,-1,1,-1,1,-1,1,-1,1,-1,1,
1,-1,1,-1,1,-1,-1,1,1,-1,1,-1,1,-1,1,-1,1,-1,1,-1,
-1,1,-1,1,-1,1,-1,1,-1,1,-1,1,-1,1,-1,1,-1,1,-1,1,
1,-1,1,-1,1,-1,1,-1,1,-1,1,-1,1,-1,1,1,-1,-1,1,-1,
-1,-1,-1,1,-1,-1,-1,-1,-1,1,-1,1,-1,1,-1,1,-1,1,-1,1,
Epsilon: 1.000000
Temperature: 3.000000
Magnetic Field: 0.000000
1,-1,1,1,-1,1,1,-1,1,1,-1,-1,1,-1,1,-1,1,1,1,-1,
-1,1,-1,1,1,-1,-1,1,-1,-1,-1,1,-1,1,-1,1,-1,1,-1,1,
1,-1,1,-1,-1,1,1,1,-1,1,1,-1,1,-1,-1,-1,1,-1,-1,1,
1,1,-1,1,1,-1,1,-1,1,-1,1,-1,-1,1,1,1,-1,1,1,-1,
-1,1,1,-1,-1,1,-1,1,-1,1,-1,-1,1,-1,1,-1,1,-1,1,1,
1,-1,1,-1,1,-1,1,1,-1,-1,-1,1,-1,1,-1,1,-1,1,-1,-1,
-1,-1,-1,1,-1,-1,1,-1,1,1,-1,-1,1,1,1,-1,-1,-1,-1,1,
1,-1,1,-1,1,-1,1,1,1,-1,1,1,-1,1,-1,1,1,-1,1,-1,
1,1,-1,1,-1,1,-1,1,-1,1,-1,-1,1,-1,-1,-1,-1,1,1,1,
1,-1,1,-1,1,-1,1,-1,1,1,-1,1,1,-1,1,-1,1,1,-1,-1,
1,1,-1,1,-1,1,-1,1,-1,-1,1,-1,-1,-1,-1,1,-1,-1,1,-1,
-1,-1,1,-1,1,-1,1,-1,1,-1,-1,-1,1,1,-1,1,-1,1,-1,1,
-1,1,-1,1,-1,1,-1,1,-1,1,-1,-1,1,-1,1,-1,1,1,-1,-1,
1,-1,1,-1,1,-1,1,-1,1,-1,1,1,-1,1,1,-1,1,-1,1,-1,
-1,1,-1,-1,1,1,-1,1,-1,1,-1,-1,1,-1,-1,1,-1,1,-1,1,
1,-1,1,1,1,1,1,1,1,1,-1,1,-1,1,1,-1,1,-1,1,-1,
-1,1,-1,1,-1,-1,-1,1,-1,1,-1,-1,1,1,-1,1,-1,1,-1,1,
1,-1,1,1,-1,1,-1,-1,-1,1,-1,1,-1,-1,1,-1,1,1,1,-1,
-1,1,1,-1,-1,1,1,-1,1,-1,1,-1,1,1,-1,1,1,-1,-1,1,
1,1,-1,-1,1,-1,-1,1,-1,1,-1,1,-1,1,-1,1,-1,-1,-1,1,
Epsilon: 1.000000
Temperature: 1.000000
Magnetic Field: 1.000000
-1,-1,-1,1,-1,1,-1,1,-1,1,-1,1,-1,1,1,-1,-1,-1,1,-1,
1,-1,1,-1,1,-1,1,-1,1,-1,1,-1,1,-1,1,-1,1,-1,1,-1,
-1,1,-1,1,-1,1,-1,1,-1,1,-1,1,-1,1,-1,1,-1,1,-1,1,
1,-1,1,-1,1,-1,1,-1,1,-1,1,-1,1,-1,1,-1,1,-1,1,-1,
-1,1,-1,1,-1,1,-1,1,-1,1,-1,1,-1,1,-1,1,-1,1,-1,1,
1,-1,-1,-1,1,-1,1,-1,1,-1,-1,-1,-1,1,-1,1,-1,-1,1,-1,
-1,-1,1,-1,1,-1,1,-1,1,-1,1,-1,1,-1,1,-1,1,1,-1,1,
-1,1,-1,1,-1,1,-1,1,-1,1,-1,1,-1,1,-1,1,-1,-1,1,-1,
1,-1,1,-1,1,-1,1,-1,1,-1,1,-1,1,-1,1,-1,1,-1,1,-1,
-1,1,-1,1,-1,1,-1,1,-1,1,-1,1,-1,1,-1,1,-1,1,-1,1,
1,-1,1,-1,1,-1,1,-1,1,-1,1,-1,1,-1,1,-1,1,-1,1,-1,
-1,1,-1,1,-1,1,-1,1,-1,1,-1,1,-1,1,-1,1,-1,1,-1,1,
1,-1,1,-1,1,-1,1,-1,1,-1,1,-1,1,-1,1,-1,1,-1,1,-1,
-1,1,-1,1,-1,1,-1,1,-1,1,-1,1,-1,1,-1,1,-1,1,-1,1,
1,-1,1,-1,1,-1,1,-1,1,-1,1,-1,1,-1,1,-1,1,-1,1,-1,
-1,1,-1,1,-1,1,-1,1,-1,1,-1,1,-1,1,-1,1,-1,1,-1,1,
1,-1,1,-1,1,-1,1,-1,1,-1,1,-1,1,-1,1,-1,1,-1,1,-1,
-1,1,-1,1,-1,1,-1,1,-1,1,-1,1,-1,1,-1,1,-1,1,-1,1,
1,-1,1,-1,1,-1,1,-1,1,-1,1,-1,1,-1,1,-1,1,-1,1,-1,
-1,1,-1,-1,1,-1,-1,1,-1,1,-1,1,-1,1,-1,1,-1,1,-1,1,
Epsilon: 1.000000
Temperature: 2.000000
Magnetic Field: 1.000000
1,-1,1,-1,1,-1,1,-1,1,-1,1,-1,-1,1,-1,1,1,-1,1,-1,
-1,1,-1,1,-1,1,-1,1,-1,1,-1,1,-1,1,-1,1,-1,1,-1,1,
1,-1,1,-1,1,-1,1,-1,1,-1,1,-1,1,-1,-1,-1,1,-1,1,-1,
-1,1,-1,1,-1,1,-1,1,-1,1,-1,1,-1,1,-1,1,-1,1,-1,1,
1,-1,1,-1,1,-1,1,-1,-1,-1,-1,-1,1,-1,1,-1,1,-1,1,-1,
-1,-1,-1,1,-1,1,-1,1,-1,1,-1,1,-1,1,-1,1,-1,1,-1,1,
1,-1,1,-1,1,-1,1,-1,1,-1,1,-1,1,-1,1,-1,1,-1,1,-1,
-1,1,-1,1,-1,1,-1,1,-1,1,-1,1,-1,1,-1,1,-1,1,-1,1,
1,-1,1,-1,1,-1,1,-1,1,-1,1,-1,1,-1,1,-1,1,-1,1,-1,
-1,1,-1,1,-1,1,-1,1,-1,1,-1,1,-1,1,-1,1,-1,1,-1,1,
1,-1,1,-1,1,-1,1,-1,1,-1,1,-1,1,-1,1,-1,1,-1,1,-1,
-1,1,-1,1,-1,1,-1,1,-1,1,-1,1,-1,1,-1,1,-1,1,-1,1,
1,-1,1,-1,1,-1,1,-1,1,-1,1,-1,1,-1,1,-1,1,-1,1,1,
-1,1,-1,1,-1,-1,-1,1,-1,1,-1,1,-1,1,1,1,-1,1,-1,-1,
1,-1,1,-1,1,-1,1,-1,1,-1,1,-1,1,-1,1,-1,1,-1,1,-1,
-1,1,-1,1,-1,1,-1,1,-1,1,-1,1,-1,1,-1,1,-1,1,-1,1,
-1,-1,1,-1,1,-1,1,-1,1,-1,1,-1,-1,-1,1,-1,1,-1,1,-1,
-1,1,-1,1,-1,1,-1,1,-1,1,-1,1,1,-1,-1,1,-1,1,-1,1,
1,-1,1,-1,1,-1,1,-1,1,-1,1,1,-1,1,-1,-1,1,-1,1,-1,
-1,1,-1,1,-1,1,-1,1,-1,1,-1,-1,1,-1,1,1,-1,1,-1,1,
Epsilon: 1.000000
Temperature: 3.000000
Magnetic Field: 1.000000
-1,1,-1,1,-1,-1,1,-1,1,-1,1,-1,-1,1,-1,1,-1,1,-1,1,
-1,1,-1,-1,1,1,1,1,-1,1,-1,1,1,-1,1,-1,1,1,1,-1,
1,-1,1,1,-1,-1,-1,-1,1,-1,1,-1,1,-1,1,1,-1,-1,-1,1,
-1,1,1,1,-1,1,-1,1,-1,-1,1,1,-1,1,-1,-1,1,-1,1,-1,
-1,-1,-1,-1,-1,1,1,-1,-1,1,1,-1,1,-1,-1,1,1,-1,-1,1,
1,1,1,-1,-1,-1,-1,1,-1,1,-1,1,1,-1,1,-1,-1,-1,1,-1,
-1,1,-1,1,-1,1,-1,-1,-1,-1,-1,1,1,1,-1,-1,1,1,-1,1,
1,-1,1,-1,1,-1,-1,1,1,-1,-1,-1,1,1,-1,-1,1,-1,1,-1,
-1,1,1,1,-1,1,-1,-1,1,-1,-1,1,-1,1,-1,1,-1,1,-1,1,
1,-1,1,-1,-1,1,-1,1,-1,1,-1,-1,1,-1,1,1,-1,-1,1,1,
-1,-1,-1,1,-1,-1,1,-1,1,-1,-1,1,-1,1,-1,1,-1,1,-1,1,
-1,1,-1,-1,-1,1,-1,-1,-1,1,-1,1,-1,-1,1,-1,1,1,-1,1,
-1,1,-1,1,-1,-1,1,-1,-1,-1,1,-1,-1,1,-1,1,-1,1,1,-1,
1,1,-1,1,-1,1,-1,1,-1,1,-1,1,-1,1,1,-1,1,-1,-1,-1,
-1,-1,1,-1,1,-1,-1,-1,1,-1,1,-1,-1,1,-1,1,-1,1,-1,-1,
-1,1,-1,1,-1,1,-1,1,-1,1,-1,1,1,-1,1,-1,1,-1,1,-1,
1,-1,1,-1,-1,-1,1,-1,1,-1,-1,1,1,-1,-1,1,-1,1,-1,1,
-1,1,1,1,-1,1,-1,1,-1,-1,1,-1,-1,1,1,-1,1,-1,1,1,
1,-1,1,-1,1,-1,-1,-1,1,1,-1,1,-1,1,-1,1,-1,1,-1,-1,
-1,1,-1,1,-1,1,-1,1,-1,1,-1,1,1,-1,-1,-1,1,-1,1,-1,
Epsilon: 1.000000
Temperature: 1.000000
Magnetic Field: 2.000000
1,-1,1,-1,1,-1,1,-1,1,-1,1,-1,1,-1,1,-1,1,-1,1,-1,
-1,1,-1,1,-1,1,-1,1,-1,1,-1,1,-1,1,-1,1,-1,1,-1,1,
1,-1,1,-1,1,-1,1,-1,-1,-1,1,-1,1,-1,1,-1,1,-1,1,-1,
-1,1,-1,1,-1,1,-1,1,-1,1,-1,1,-1,1,-1,1,-1,1,-1,1,
1,-1,1,-1,1,-1,1,-1,1,-1,1,-1,1,-1,1,-1,1,-1,1,-1,
-1,1,-1,1,-1,1,-1,1,-1,1,-1,1,-1,1,-1,1,-1,1,-1,1,
1,-1,1,-1,1,-1,1,-1,-1,-1,1,-1,1,-1,1,-1,1,-1,1,-1,
-1,1,-1,1,-1,1,-1,1,-1,1,-1,1,-1,1,-1,1,-1,1,-1,1,
1,-1,1,-1,1,-1,1,-1,1,-1,1,-1,1,-1,1,-1,1,-1,1,-1,
-1,1,-1,1,-1,1,-1,1,-1,1,-1,1,-1,1,-1,1,-1,1,-1,1,
1,-1,1,-1,1,-1,1,-1,1,-1,1,-1,1,-1,1,-1,1,-1,1,-1,
-1,1,-1,1,-1,1,-1,1,-1,1,-1,1,-1,1,-1,1,-1,1,-1,1,
1,-1,1,-1,1,-1,1,-1,1,-1,1,-1,1,-1,1,-1,1,-1,1,-1,
-1,1,-1,1,-1,1,-1,1,-1,1,-1,1,-1,1,-1,1,-1,1,-1,1,
1,-1,1,-1,1,-1,1,-1,1,-1,1,-1,1,-1,1,-1,1,-1,1,-1,
-1,1,-1,1,-1,1,-1,1,-1,1,-1,1,-1,1,-1,-1,-1,1,-1,-1,
1,-1,1,-1,1,-1,1,-1,1,-1,1,-1,1,-1,1,-1,1,-1,1,-1,
-1,1,-1,1,-1,1,-1,1,-1,-1,-1,1,-1,1,-1,1,-1,1,-1,1,
1,-1,1,-1,1,-1,1,-1,1,-1,1,-1,1,-1,1,-1,1,-1,1,-1,
-1,1,-1,1,-1,1,-1,1,-1,1,-1,1,-1,1,-1,1,-1,1,-1,1,
Epsilon: 1.000000
Temperature: 2.000000
Magnetic Field: 2.000000
-1,-1,-1,1,-1,1,-1,1,-1,1,-1,1,-1,1,-1,1,-1,1,-1,1,
1,-1,-1,-1,1,-1,1,-1,-1,-1,1,-1,1,-1,1,-1,1,-1,1,-1,
-1,1,-1,1,-1,1,-1,-1,1,1,-1,1,-1,1,-1,1,-1,1,-1,1,
-1,-1,1,-1,1,-1,1,-1,-1,-1,-1,-1,1,-1,1,-1,-1,-1,1,-1,
-1,1,-1,1,-1,1,-1,-1,-1,1,-1,1,-1,1,-1,1,-1,1,-1,1,
1,-1,1,-1,1,-1,1,-1,1,-1,1,-1,1,-1,1,-1,1,-1,1,-1,
-1,-1,-1,-1,-1,-1,-1,1,-1,1,-1,1,-1,1,-1,1,-1,1,-1,1,
1,-1,1,-1,1,-1,1,-1,1,-1,1,-1,1,-1,1,-1,1,-1,1,-1,
-1,1,-1,1,-1,1,-1,1,-1,1,-1,-1,-1,1,-1,1,1,-1,-1,1,
1,-1,1,-1,1,-1,1,-1,1,-1,-1,-1,1,-1,1,-1,-1,-1,1,-1,
-1,1,-1,1,-1,1,-1,1,-1,1,-1,1,-1,1,-1,1,-1,1,-1,1,
-1,-1,1,-1,1,-1,1,-1,1,-1,1,-1,1,-1,-1,-1,1,-1,1,-1,
-1,1,-1,1,-1,-1,-1,1,-1,1,-1,1,-1,1,-1,1,-1,1,-1,1,
1,-1,1,-1,1,-1,1,-1,1,-1,1,-1,1,-1,1,-1,-1,1,1,-1,
-1,-1,-1,1,-1,1,-1,1,-1,1,-1,1,-1,1,-1,1,-1,-1,-1,1,
1,-1,1,-1,1,-1,1,-1,1,-1,-1,-1,-1,-1,1,-1,1,-1,1,-1,
-1,1,-1,1,-1,1,-1,1,-1,1,-1,1,-1,-1,-1,1,-1,1,-1,1,
1,-1,-1,-1,-1,-1,1,-1,1,-1,1,-1,1,-1,1,-1,1,-1,1,-1,
-1,1,-1,1,-1,1,-1,1,-1,1,-1,1,-1,1,-1,1,-1,-1,-1,1,
1,-1,1,-1,1,1,-1,-1,1,-1,-1,-1,1,-1,1,-1,1,-1,1,-1,
Epsilon: 1.000000
Temperature: 3.000000
Magnetic Field: 2.000000
1,1,-1,1,1,-1,1,-1,1,-1,1,-1,1,-1,-1,-1,1,-1,1,-1,
-1,1,1,-1,-1,1,1,-1,-1,1,-1,1,-1,1,-1,1,-1,1,-1,-1,
-1,1,-1,1,-1,-1,1,1,-1,-1,-1,-1,-1,1,-1,-1,1,-1,-1,1,
-1,-1,1,-1,1,-1,-1,-1,1,1,-1,1,1,-1,1,-1,-1,-1,1,1,
-1,1,1,-1,-1,1,-1,-1,1,-1,1,-1,1,-1,1,-1,-1,-1,-1,1,
1,-1,-1,1,-1,-1,-1,1,-1,1,-1,-1,1,-1,-1,1,1,1,-1,-1,
1,-1,-1,1,-1,1,-1,-1,-1,-1,-1,1,-1,-1,-1,-1,1,-1,-1,-1,
-1,-1,1,-1,1,-1,1,-1,-1,-1,1,-1,-1,1,-1,1,-1,1,-1,1,
-1,1,-1,1,-1,-1,-1,1,-1,1,-1,-1,1,-1,1,-1,1,-1,1,-1,
1,-1,-1,-1,-1,-1,1,-1,1,-1,-1,1,1,1,-1,1,-1,-1,-1,1,
1,-1,1,-1,-1,1,-1,1,-1,1,-1,-1,1,-1,1,-1,-1,-1,1,-1,
-1,1,-1,1,-1,-1,-1,-1,-1,-1,-1,1,-1,1,-1,1,1,1,-1,1,
-1,-1,1,-1,1,-1,-1,-1,-1,1,-1,-1,-1,1,-1,-1,-1,-1,-1,1,
-1,1,-1,1,-1,-1,1,-1,1,-1,-1,1,-1,1,-1,1,-1,-1,1,-1,
-1,-1,-1,-1,1,-1,-1,1,-1,-1,-1,-1,1,-1,-1,-1,1,-1,1,1,
1,-1,1,-1,1,-1,1,-1,-1,1,-1,1,-1,-1,-1,1,-1,-1,1,-1,
-1,1,-1,1,1,-1,-1,1,1,-1,1,-1,1,-1,1,-1,1,1,1,1,
-1,1,-1,-1,-1,-1,-1,1,-1,1,-1,1,-1,1,-1,1,-1,-1,-1,1,
-1,-1,-1,1,-1,-1,1,-1,1,-1,-1,-1,1,1,-1,-1,-1,-1,1,-1,
-1,1,1,-1,1,-1,-1,-1,-1,1,-1,1,-1,-1,-1,1,-1,1,-1,-1,
